sxr_chord_RPhiDegZ
SC252_000_18-1
       1.0999328       252.32007   -0.0019970720
      0.67151576       252.32007      0.28199538
sxr_chord_RPhiDegZ
SC252_000_18-2
       1.0999328       252.32007   -0.0019970720
      0.63977020       252.32007      0.27089820
sxr_chord_RPhiDegZ
SC252_000_18-3
       1.0999328       252.32007   -0.0019970720
      0.60731257       252.32007      0.25579610
sxr_chord_RPhiDegZ
SC252_000_18-4
       1.0999328       252.32007   -0.0019970720
      0.57630798       252.32007      0.23556900
sxr_chord_RPhiDegZ
SC252_000_18-5
       1.0999328       252.32007   -0.0019970720
      0.54638486       252.32007      0.21067370
sxr_chord_RPhiDegZ
SC252_000_18-6
       1.0999328       252.32007   -0.0019970720
      0.51999598       252.32007      0.18057375
sxr_chord_RPhiDegZ
SC252_000_18-7
       1.0999328       252.32007   -0.0019970720
      0.49685136       252.32007      0.14608495
sxr_chord_RPhiDegZ
SC252_000_18-8
       1.0999328       252.32007   -0.0019970720
      0.47754527       252.32007      0.10778447
sxr_chord_RPhiDegZ
SC252_000_18-9
       1.0999328       252.32007   -0.0019970720
      0.46458767       252.32007     0.066205690
sxr_chord_RPhiDegZ
SC252_000_18-10
       1.0999328       252.32007   -0.0019970720
      0.45841083       252.32007     0.022651165
sxr_chord_RPhiDegZ
SC252_000_18-11
       1.0999328       252.32007   -0.0019970720
      0.45823376       252.32007    -0.021498792
sxr_chord_RPhiDegZ
SC252_000_18-12
       1.0999328       252.32007   -0.0019970720
      0.46504672       252.32007    -0.064907603
sxr_chord_RPhiDegZ
SC252_000_18-13
       1.0999328       252.32007   -0.0019970720
      0.47762478       252.32007     -0.10634253
sxr_chord_RPhiDegZ
SC252_000_18-14
       1.0999328       252.32007   -0.0019970720
      0.49556022       252.32007     -0.14471810
sxr_chord_RPhiDegZ
SC252_000_18-15
       1.0999328       252.32007   -0.0019970720
      0.51830498       252.32007     -0.17910694
sxr_chord_RPhiDegZ
SC252_000_18-16
       1.0999328       252.32007   -0.0019970720
      0.54522130       252.32007     -0.20876832
sxr_chord_RPhiDegZ
SC252_000_18-17
       1.0999328       252.32007   -0.0019970720
      0.57380289       252.32007     -0.23396238
sxr_chord_RPhiDegZ
SC252_000_18-18
       1.0999328       252.32007   -0.0019970720
      0.60441370       252.32007     -0.25417326
sxr_chord_RPhiDegZ
SC252_000_18-19
       1.0999328       252.32007   -0.0019970720
      0.63650670       252.32007     -0.26931280
sxr_chord_RPhiDegZ
SC252_000_18-20
       1.0999328       252.32007   -0.0019970720
      0.66791744       252.32007     -0.28048513
sxr_chord_RPhiDegZ
SC252_060_18-1
      0.90762044       252.48346      0.27378360
      0.46335663       252.48346     0.057767665
sxr_chord_RPhiDegZ
SC252_060_18-2
      0.90762044       252.48346      0.27378360
      0.45891875       252.48346     0.027191407
sxr_chord_RPhiDegZ
SC252_060_18-3
      0.90762044       252.48346      0.27378360
      0.45733652       252.48346   -0.0057534338
sxr_chord_RPhiDegZ
SC252_060_18-4
      0.90762044       252.48346      0.27378360
      0.45982128       252.48346    -0.040351916
sxr_chord_RPhiDegZ
SC252_060_18-5
      0.90762044       252.48346      0.27378360
      0.46742925       252.48346    -0.075603869
sxr_chord_RPhiDegZ
SC252_060_18-6
      0.90762044       252.48346      0.27378360
      0.47950100       252.48346     -0.11155433
sxr_chord_RPhiDegZ
SC252_060_18-7
      0.90762044       252.48346      0.27378360
      0.49682326       252.48346     -0.14691223
sxr_chord_RPhiDegZ
SC252_060_18-8
      0.90762044       252.48346      0.27378360
      0.51985414       252.48346     -0.18013422
sxr_chord_RPhiDegZ
SC252_060_18-9
      0.90762044       252.48346      0.27378360
      0.54746662       252.48346     -0.21108767
sxr_chord_RPhiDegZ
SC252_060_18-10
      0.90762044       252.48346      0.27378360
      0.57963491       252.48346     -0.23815812
sxr_chord_RPhiDegZ
SC252_060_18-11
      0.90762044       252.48346      0.27378360
      0.61592999       252.48346     -0.25967260
sxr_chord_RPhiDegZ
SC252_060_18-12
      0.90762044       252.48346      0.27378360
      0.65428222       252.48346     -0.27671674
sxr_chord_RPhiDegZ
SC252_060_18-13
      0.90762044       252.48346      0.27378360
      0.69446052       252.48346     -0.28707099
sxr_chord_RPhiDegZ
SC252_060_18-14
      0.90762044       252.48346      0.27378360
      0.73455592       252.48346     -0.29235056
sxr_chord_RPhiDegZ
SC252_060_18-15
      0.90762044       252.48346      0.27378360
      0.77390722       252.48346     -0.29161647
sxr_chord_RPhiDegZ
SC252_060_18-16
      0.90762044       252.48346      0.27378360
      0.81137356       252.48346     -0.28599876
sxr_chord_RPhiDegZ
SC252_060_18-17
      0.90762044       252.48346      0.27378360
      0.84630194       252.48346     -0.27580272
sxr_chord_RPhiDegZ
SC252_060_18-18
      0.90762044       252.48346      0.27378360
      0.87807256       252.48346     -0.26340102
sxr_chord_RPhiDegZ
SC252_060_18-19
      0.90762044       252.48346      0.27378360
      0.90663689       252.48346     -0.24721234
sxr_chord_RPhiDegZ
SC252_060_18-20
      0.90762044       252.48346      0.27378360
      0.93182759       252.48346     -0.22963181
sxr_chord_RPhiDegZ
SC252_300_18-1
      0.91060813       252.21925     -0.28106150
      0.91712693       252.21925      0.23989458
sxr_chord_RPhiDegZ
SC252_300_18-2
      0.91060813       252.21925     -0.28106150
      0.89062996       252.21925      0.25656408
sxr_chord_RPhiDegZ
SC252_300_18-3
      0.91060813       252.21925     -0.28106150
      0.86090079       252.21925      0.27070044
sxr_chord_RPhiDegZ
SC252_300_18-4
      0.91060813       252.21925     -0.28106150
      0.82807397       252.21925      0.28191705
sxr_chord_RPhiDegZ
SC252_300_18-5
      0.91060813       252.21925     -0.28106150
      0.79238938       252.21925      0.28982268
sxr_chord_RPhiDegZ
SC252_300_18-6
      0.91060813       252.21925     -0.28106150
      0.75473074       252.21925      0.29211684
sxr_chord_RPhiDegZ
SC252_300_18-7
      0.91060813       252.21925     -0.28106150
      0.71530048       252.21925      0.29048539
sxr_chord_RPhiDegZ
SC252_300_18-8
      0.91060813       252.21925     -0.28106150
      0.67547362       252.21925      0.28287779
sxr_chord_RPhiDegZ
SC252_300_18-9
      0.91060813       252.21925     -0.28106150
      0.63631425       252.21925      0.26937699
sxr_chord_RPhiDegZ
SC252_300_18-10
      0.91060813       252.21925     -0.28106150
      0.59892900       252.21925      0.25026397
sxr_chord_RPhiDegZ
SC252_300_18-11
      0.91060813       252.21925     -0.28106150
      0.56440425       252.21925      0.22602189
sxr_chord_RPhiDegZ
SC252_300_18-12
      0.91060813       252.21925     -0.28106150
      0.53374135       252.21925      0.19731830
sxr_chord_RPhiDegZ
SC252_300_18-13
      0.91060813       252.21925     -0.28106150
      0.50779954       252.21925      0.16496679
sxr_chord_RPhiDegZ
SC252_300_18-14
      0.91060813       252.21925     -0.28106150
      0.48797300       252.21925      0.12917724
sxr_chord_RPhiDegZ
SC252_300_18-15
      0.91060813       252.21925     -0.28106150
      0.47258378       252.21925     0.092978936
sxr_chord_RPhiDegZ
SC252_300_18-16
      0.91060813       252.21925     -0.28106150
      0.46326064       252.21925     0.055800720
sxr_chord_RPhiDegZ
SC252_300_18-17
      0.91060813       252.21925     -0.28106150
      0.45844687       252.21925     0.019596933
sxr_chord_RPhiDegZ
SC252_300_18-18
      0.91060813       252.21925     -0.28106150
      0.45792507       252.21925    -0.015167339
sxr_chord_RPhiDegZ
SC252_300_18-19
      0.91060813       252.21925     -0.28106150
      0.46141356       252.21925    -0.048129608
sxr_chord_RPhiDegZ
SC252_300_18-20
      0.91060813       252.21925     -0.28106150
      0.46859535       252.21925    -0.079026684
end_of_file
